194.31031073773147 427.41605164705635 427.9320711235181 448.9589618577657 190.33437252124904 
99.19291949460813 236.21307644048807 310.79365142417305 568.3276896800536 341.97009626018433 
526.8211856741466 185.13684382431333 407.77090717037333 522.1730231008951 205.39793442577297 
608.0973081622486 70.604787265216 285.10636235973357 270.50321028715894 242.79064611198044 
419.33606064207123 47.959138176870056 130.68968210588503 168.87156398307525 614.1350264792869 
613.7938043284074 306.42825548786135 492.65947916184285 388.1435772765014 193.2379513295628 
391.1033386584655 539.5759505652013 250.2124694008377 470.59739389650304 495.29674974226486 
240.61312235387774 414.28644801901766 501.1094267997187 148.5788931204634 474.5514604357065 
604.6561859978984 576.0548695037595 183.0259867522269 277.6459039504493 36.295623081848554 
542.4479156139839 72.68223186958082 382.4988945511795 619.5034190603076 614.0221616559836 
153.18539847799883 497.8393207370386 388.0675587391287 260.23198767052855 295.77486559387006 
90.92581770066366 300.17139774595626 509.9876149758631 559.9006388247972 584.2934644154429 
311.2604149710015 156.84300910984868 498.6522992872925 428.56236759972995 368.0879562031224 
502.3549577741326 541.2263930567809 463.02713405003857 523.1590604189842 424.3324694410969 
26.651255377610866 525.745761213484 518.7909259764548 306.6949699672617 412.98788164599506 
224.84679102930005 540.008817597371 517.658107597772 136.2255667023323 132.77356536373395 
185.49623514138122 72.96601474455365 143.09120607777749 415.1841374955061 55.81793494962802 
70.88867151987975 271.99086003210795 56.2257539720589 308.1347812221684 435.70317023410183 
406.3024069725253 591.9025730524886 276.628852805007 256.3775750131167 74.2380167305445 
413.25540441728464 407.85801977910205 157.1762338588544 519.4952300534742 51.07226600087145 
110.25816935806034 486.905188134525 216.91529879171776 603.848314639311 267.0123804234986 
63.51645186129049 157.36770277850124 420.7141654362302 111.5053916076783 360.7899443889001 
576.0793324803685 101.05118783177154 514.5823359169606 373.81188906008913 348.6274366993332 
222.5125116456832 82.8304220818145 549.9681619179399 228.81473052771074 359.1686842368663 
617.1022808170698 122.17172941143534 452.6456868405992 301.4963588929779 230.49981264033954 
531.0426099745723 182.62257192992163 339.92923722435285 575.0371615549886 172.75920786162135 
416.5801189248948 23.689614383402407 176.20173618219079 59.29988773768922 135.27752030224428 
356.61950401459677 24.631817711834472 527.7933120717445 212.96641408396061 141.73000915092047 
324.1297343713456 485.6964858271813 365.1538177171657 136.18769691483828 445.22911943044693 
28.519213781364666 357.77853671238955 28.456710294887216 483.5352100891816 216.8135975745016 
