283.7225284540394 293.296996656011 410.72533447241466 279.62870855691415 152.6598886262204 
381.5336257901756 62.68185500424294 290.31051819597377 134.90465922039567 461.23982915008247 
137.52839517568881 342.3380094145756 113.30657365961777 480.44868246952626 505.06872483984273 
485.09379631744343 460.2080454707691 340.76166456820664 417.3598387831704 271.6875644249245 
80.93793876000487 279.6866837271429 344.76243969238885 95.2279111562173 134.70397668080636 
104.69116694042567 502.0854741904022 342.6294465687354 114.52451420507802 366.86100959991785 
58.96519586331416 266.346027347347 92.84015005062717 187.0556411397749 153.6196035922087 
99.42058166736095 64.445982306556 72.45026124242803 454.11863597945614 64.2422153857735 
443.3850310386792 186.35554311109453 136.31091430388275 50.40122482271119 395.4434200749493 
159.20558646426568 272.54758988320594 362.03266560939045 312.88803124280827 153.6046887034288 
250.34395044233014 60.039009732271325 363.08720463199694 21.32364612895809 465.1193525417781 
49.58262593140377 167.6551273742236 15.136023270271018 156.1562277971093 188.23864911025572 
293.7605329419983 143.3852549420863 379.9186144596006 315.1988584310222 364.24029012809865 
380.1729930158483 239.8709956166549 226.91723778612405 218.1585893896511 69.05953644112228 
116.93799616504978 249.58777498996014 178.45232434474423 483.1666559231867 269.745559628009 
183.84519945865284 108.30325317097821 129.57384178143275 298.7842501014672 22.079203545980967 
62.8775637709003 10.898267768345562 93.63530412580045 463.7528733802717 468.0735727400504 
181.94920507574312 507.40005914194126 379.1157886887686 382.9180292656654 64.34761516701342 
127.47331254763526 496.70267764172985 27.25175026647552 107.00139116641404 136.80143545314453 
215.00794836703346 381.34523299028666 505.32692801540077 384.7655679094455 63.726957090511064 
289.0847590382329 317.1076811168545 411.8308202910649 464.9545394437533 121.36970681290953 
437.8803676001413 297.10185603537684 69.73140784957853 181.36167204094983 23.739220333425283 
322.92570218940557 70.32910171438954 158.22602768557547 74.4492580152628 75.68221884531361 
13.664119414643174 61.00650427323461 14.758918141963441 226.90298078336235 266.2317362674328 
189.27353743385677 236.8028112917797 363.8591253381028 405.9503200116319 322.18677368903184 
191.48514841337692 363.75884902607 441.30661446198803 432.6126861786106 241.7345809331947 
430.69513302777005 383.192665026873 357.9376131289365 115.5208973357315 39.48433163345876 
319.8250988959476 484.2170105657239 421.5244464165249 155.53630432833958 270.137191444579 
125.30157107620914 315.3486377296018 224.89655798861708 216.03452479352507 403.58066112217284 
29.166363352139225 53.60121769977293 338.904837708788 63.98397830291041 102.69082187326872 
